-0.500000 0.500000 -0.010138 0.010768
-0.500000 0.450000 -0.011876 0.011422
-0.500000 0.400000 -0.013927 0.011982
-0.500000 0.350000 -0.016317 0.012366
-0.500000 0.300000 -0.019047 0.012455
-0.500000 0.250000 -0.022067 0.012099
-0.500000 0.200000 -0.025239 0.011129
-0.500000 0.150000 -0.028317 0.009399
-0.500000 0.100000 -0.030947 0.006858
-0.500000 0.050000 -0.032733 0.003615
-0.500000 0.000000 -0.033360 -0.000037
-0.500000 -0.050000 -0.032708 -0.003685
-0.500000 -0.100000 -0.030901 -0.006916
-0.500000 -0.150000 -0.028259 -0.009442
-0.500000 -0.200000 -0.025176 -0.011155
-0.500000 -0.250000 -0.022004 -0.012112
-0.500000 -0.300000 -0.018990 -0.012457
-0.500000 -0.350000 -0.016266 -0.012361
-0.500000 -0.400000 -0.013883 -0.011973
-0.500000 -0.450000 -0.011839 -0.011409
-0.500000 -0.500000 -0.010106 -0.010755
-0.450000 0.500000 -0.010497 0.012472
-0.450000 0.450000 -0.012501 0.013469
-0.450000 0.400000 -0.014940 0.014428
-0.450000 0.350000 -0.017890 0.015250
-0.450000 0.300000 -0.021407 0.015783
-0.450000 0.250000 -0.025489 0.015795
-0.450000 0.200000 -0.030009 0.014986
-0.450000 0.150000 -0.034630 0.013036
-0.450000 0.100000 -0.038761 0.009747
-0.450000 0.050000 -0.041661 0.005221
-0.450000 0.000000 -0.042696 -0.000054
-0.450000 -0.050000 -0.041619 -0.005321
-0.450000 -0.100000 -0.038688 -0.009826
-0.450000 -0.150000 -0.034540 -0.013088
-0.450000 -0.200000 -0.029916 -0.015012
-0.450000 -0.250000 -0.025402 -0.015802
-0.450000 -0.300000 -0.021331 -0.015776
-0.450000 -0.350000 -0.017826 -0.015236
-0.450000 -0.400000 -0.014887 -0.014409
-0.450000 -0.450000 -0.012457 -0.013449
-0.450000 -0.500000 -0.010461 -0.012452
-0.400000 0.500000 -0.010684 0.014388
-0.400000 0.450000 -0.012946 0.015840
-0.400000 0.400000 -0.015792 0.017361
-0.400000 0.350000 -0.019376 0.018859
-0.400000 0.300000 -0.023863 0.020159
-0.400000 0.250000 -0.029391 0.020946
-0.400000 0.200000 -0.035945 0.020710
-0.400000 0.150000 -0.043143 0.018772
-0.400000 0.100000 -0.050005 0.014533
-0.400000 0.050000 -0.055044 0.007961
-0.400000 0.000000 -0.056880 -0.000083
-0.400000 -0.050000 -0.054971 -0.008112
-0.400000 -0.100000 -0.049881 -0.014642
-0.400000 -0.150000 -0.042998 -0.018832
-0.400000 -0.200000 -0.035805 -0.020729
-0.400000 -0.250000 -0.029270 -0.020938
-0.400000 -0.300000 -0.023764 -0.020137
-0.400000 -0.350000 -0.019296 -0.018831
-0.400000 -0.400000 -0.015729 -0.017330
-0.400000 -0.450000 -0.012895 -0.015810
-0.400000 -0.500000 -0.010643 -0.014360
-0.350000 0.500000 -0.010625 0.016487
-0.350000 0.450000 -0.013104 0.018518
-0.350000 0.400000 -0.016328 0.020798
-0.350000 0.350000 -0.020563 0.023287
-0.350000 0.300000 -0.026161 0.025850
-0.350000 0.250000 -0.033558 0.028144
-0.350000 0.200000 -0.043150 0.029423
-0.350000 0.150000 -0.054835 0.028313
-0.350000 0.100000 -0.067096 0.023071
-0.350000 0.050000 -0.076652 0.013033
-0.350000 0.000000 -0.080207 -0.000137
-0.350000 -0.050000 -0.076511 -0.013274
-0.350000 -0.100000 -0.066865 -0.023224
-0.350000 -0.150000 -0.054587 -0.028370
-0.350000 -0.200000 -0.042936 -0.029415
-0.350000 -0.250000 -0.033390 -0.028105
-0.350000 -0.300000 -0.026033 -0.025799
-0.350000 -0.350000 -0.020466 -0.023236
-0.350000 -0.400000 -0.016255 -0.020750
-0.350000 -0.450000 -0.013048 -0.018475
-0.350000 -0.500000 -0.010582 -0.016449
-0.300000 0.500000 -0.010246 0.018709
-0.300000 0.450000 -0.012853 0.021436
-0.300000 0.400000 -0.016353 0.024683
-0.300000 0.350000 -0.021140 0.028533
-0.300000 0.300000 -0.027825 0.033027
-0.300000 0.250000 -0.037369 0.038042
-0.300000 0.200000 -0.051224 0.042893
-0.300000 0.150000 -0.070967 0.045271
-0.300000 0.100000 -0.095351 0.040005
-0.300000 0.050000 -0.115829 0.023391
-0.300000 0.000000 -0.123373 -0.000247
-0.300000 -0.050000 -0.115528 -0.023816
-0.300000 -0.100000 -0.094863 -0.040222
-0.300000 -0.150000 -0.070511 -0.045277
-0.300000 -0.200000 -0.050893 -0.042808
-0.300000 -0.250000 -0.037142 -0.037939
-0.300000 -0.300000 -0.027667 -0.032931
-0.300000 -0.350000 -0.021028 -0.028449
-0.300000 -0.400000 -0.016272 -0.024612
-0.300000 -0.450000 -0.012793 -0.021377
-0.300000 -0.500000 -0.010201 -0.018660
-0.250000 0.500000 -0.009480 0.020957
-0.250000 0.450000 -0.012076 0.024465
-0.250000 0.400000 -0.015658 0.028849
-0.250000 0.350000 -0.020729 0.034405
-0.250000 0.300000 -0.028152 0.041561
-0.250000 0.250000 -0.039524 0.050932
-0.250000 0.200000 -0.058146 0.063257
-0.250000 0.150000 -0.091622 0.077945
-0.250000 0.100000 -0.151116 0.080957
-0.250000 0.050000 -0.205150 0.046750
-0.250000 0.000000 -0.221547 -0.000479
-0.250000 -0.050000 -0.204450 -0.047653
-0.250000 -0.100000 -0.149753 -0.081260
-0.250000 -0.150000 -0.090720 -0.077668
-0.250000 -0.200000 -0.057665 -0.062979
-0.250000 -0.250000 -0.039241 -0.050718
-0.250000 -0.300000 -0.027972 -0.041399
-0.250000 -0.350000 -0.020608 -0.034280
-0.250000 -0.400000 -0.015574 -0.028751
-0.250000 -0.450000 -0.012016 -0.024387
-0.250000 -0.500000 -0.009435 -0.020894
-0.200000 0.500000 -0.008286 0.023098
-0.200000 0.450000 -0.010693 0.027412
-0.200000 0.400000 -0.014081 0.033009
-0.200000 0.350000 -0.018996 0.040465
-0.200000 0.300000 -0.026407 0.050771
-0.200000 0.250000 -0.038228 0.065845
-0.200000 0.200000 -0.058951 0.090167
-0.200000 0.150000 -0.103523 0.138803
-0.200000 0.100000 0 0
-0.200000 0.050000 0 0
-0.200000 0.000000 0 0
-0.200000 -0.050000 0 0
-0.200000 -0.100000 0 0
-0.200000 -0.150000 -0.102116 -0.137307
-0.200000 -0.200000 -0.058390 -0.089530
-0.200000 -0.250000 -0.037927 -0.065475
-0.200000 -0.300000 -0.026224 -0.050527
-0.200000 -0.350000 -0.018877 -0.040292
-0.200000 -0.400000 -0.014001 -0.032881
-0.200000 -0.450000 -0.010636 -0.027315
-0.200000 -0.500000 -0.008245 -0.023022
-0.150000 0.500000 -0.006666 0.024980
-0.150000 0.450000 -0.008688 0.030043
-0.150000 0.400000 -0.011572 0.036787
-0.150000 0.350000 -0.015805 0.046070
-0.150000 0.300000 -0.022242 0.059455
-0.150000 0.250000 -0.032489 0.080167
-0.150000 0.200000 -0.049861 0.116412
-0.150000 0.150000 -0.081877 0.198604
-0.150000 0.100000 0 0
-0.150000 0.050000 0 0
-0.150000 0.000000 0 0
-0.150000 -0.050000 0 0
-0.150000 -0.100000 0 0
-0.150000 -0.150000 -0.081010 -0.195909
-0.150000 -0.200000 -0.049406 -0.115419
-0.150000 -0.250000 -0.032229 -0.079643
-0.150000 -0.300000 -0.022083 -0.059130
-0.150000 -0.350000 -0.015702 -0.045851
-0.150000 -0.400000 -0.011503 -0.036631
-0.150000 -0.450000 -0.008640 -0.029928
-0.150000 -0.500000 -0.006632 -0.024892
-0.100000 0.500000 -0.004670 0.026452
-0.100000 0.450000 -0.006129 0.032121
-0.100000 0.400000 -0.008222 0.039796
-0.100000 0.350000 -0.011302 0.050558
-0.100000 0.300000 -0.015957 0.066373
-0.100000 0.250000 -0.023157 0.091236
-0.100000 0.200000 -0.034424 0.134800
-0.100000 0.150000 -0.051476 0.229134
-0.100000 0.100000 0 0
-0.100000 0.050000 0 0
-0.100000 0.000000 0 0
-0.100000 -0.050000 0 0
-0.100000 -0.100000 0 0
-0.100000 -0.150000 -0.051074 -0.226161
-0.100000 -0.200000 -0.034146 -0.133617
-0.100000 -0.250000 -0.022979 -0.090604
-0.100000 -0.300000 -0.015843 -0.065987
-0.100000 -0.350000 -0.011228 -0.050302
-0.100000 -0.400000 -0.008172 -0.039617
-0.100000 -0.450000 -0.006095 -0.031991
-0.100000 -0.500000 -0.004646 -0.026354
-0.050000 0.500000 -0.002397 0.027388
-0.050000 0.450000 -0.003157 0.033449
-0.050000 0.400000 -0.004251 0.041726
-0.050000 0.350000 -0.005859 0.053427
-0.050000 0.300000 -0.008264 0.070725
-0.050000 0.250000 -0.011882 0.097896
-0.050000 0.200000 -0.017204 0.144769
-0.050000 0.150000 -0.024433 0.242644
-0.050000 0.100000 0 0
-0.050000 0.050000 0 0
-0.050000 0.000000 0 0
-0.050000 -0.050000 0 0
-0.050000 -0.100000 0 0
-0.050000 -0.150000 -0.024273 -0.239614
-0.050000 -0.200000 -0.017078 -0.143511
-0.050000 -0.250000 -0.011794 -0.097209
-0.050000 -0.300000 -0.008206 -0.070302
-0.050000 -0.350000 -0.005820 -0.053148
-0.050000 -0.400000 -0.004225 -0.041532
-0.050000 -0.450000 -0.003139 -0.033309
-0.050000 -0.500000 -0.002384 -0.027284
-0.000000 0.500000 0.000024 0.027705
-0.000000 0.450000 0.000032 0.033900
-0.000000 0.400000 0.000043 0.042381
-0.000000 0.350000 0.000060 0.054398
-0.000000 0.300000 0.000085 0.072181
-0.000000 0.250000 0.000121 0.100061
-0.000000 0.200000 0.000174 0.147833
-0.000000 0.150000 0.000243 0.246471
-0.000000 0.100000 0 0
-0.000000 0.050000 0 0
-0.000000 0.000000 0 0
-0.000000 -0.050000 0 0
-0.000000 -0.100000 0 0
-0.000000 -0.150000 0.000241 -0.243431
-0.000000 -0.200000 0.000172 -0.146557
-0.000000 -0.250000 0.000120 -0.099357
-0.000000 -0.300000 0.000084 -0.071746
-0.000000 -0.350000 0.000060 -0.054111
-0.000000 -0.400000 0.000043 -0.042182
-0.000000 -0.450000 0.000032 -0.033757
-0.000000 -0.500000 0.000024 -0.027599
0.050000 0.500000 0.002444 0.027375
0.050000 0.450000 0.003220 0.033431
0.050000 0.400000 0.004335 0.041699
0.050000 0.350000 0.005974 0.053388
0.050000 0.300000 0.008427 0.070666
0.050000 0.250000 0.012117 0.097808
0.050000 0.200000 0.017551 0.144642
0.050000 0.150000 0.024943 0.242482
0.050000 0.100000 0 0
0.050000 0.050000 0 0
0.050000 0.000000 0 0
0.050000 -0.050000 0 0
0.050000 -0.100000 0 0
0.050000 -0.150000 0.024780 -0.239452
0.050000 -0.200000 0.017423 -0.143385
0.050000 -0.250000 0.012028 -0.097121
0.050000 -0.300000 0.008367 -0.070244
0.050000 -0.350000 0.005935 -0.053109
0.050000 -0.400000 0.004308 -0.041505
0.050000 -0.450000 0.003201 -0.033291
0.050000 -0.500000 0.002431 -0.027271
0.100000 0.500000 0.004713 0.026427
0.100000 0.450000 0.006185 0.032086
0.100000 0.400000 0.008296 0.039746
0.100000 0.350000 0.011403 0.050483
0.100000 0.300000 0.016099 0.066258
0.100000 0.250000 0.023368 0.091057
0.100000 0.200000 0.034760 0.134520
0.100000 0.150000 0.052055 0.228728
0.100000 0.100000 0 0
0.100000 0.050000 0 0
0.100000 0.000000 0 0
0.100000 -0.050000 0 0
0.100000 -0.100000 0 0
0.100000 -0.150000 0.051646 -0.225757
0.100000 -0.200000 0.034479 -0.133339
0.100000 -0.250000 0.023188 -0.090427
0.100000 -0.300000 0.015984 -0.065873
0.100000 -0.350000 0.011328 -0.050228
0.100000 -0.400000 0.008245 -0.039567
0.100000 -0.450000 0.006150 -0.031956
0.100000 -0.500000 0.004689 -0.026330
0.150000 0.500000 0.006702 0.024946
0.150000 0.450000 0.008734 0.029995
0.150000 0.400000 0.011631 0.036717
0.150000 0.350000 0.015882 0.045967
0.150000 0.300000 0.022348 0.059295
0.150000 0.250000 0.032644 0.079905
0.150000 0.200000 0.050124 0.115952
0.150000 0.150000 0.082489 0.197724
0.150000 0.100000 0 0
0.150000 0.050000 0 0
0.150000 0.000000 0 0
0.150000 -0.050000 0 0
0.150000 -0.100000 0 0
0.150000 -0.150000 0.081609 -0.195041
0.150000 -0.200000 0.049666 -0.114965
0.150000 -0.250000 0.032383 -0.079384
0.150000 -0.300000 0.022188 -0.058972
0.150000 -0.350000 0.015779 -0.045749
0.150000 -0.400000 0.011562 -0.036562
0.150000 -0.450000 0.008686 -0.029880
0.150000 -0.500000 0.006668 -0.024858
0.200000 0.500000 0.008314 0.023057
0.200000 0.450000 0.010726 0.027356
0.200000 0.400000 0.014122 0.032928
0.200000 0.350000 0.019045 0.040346
0.200000 0.300000 0.026465 0.050587
0.200000 0.250000 0.038297 0.065542
0.200000 0.200000 0.059032 0.089602
0.200000 0.150000 0.103614 0.137380
0.200000 0.100000 0 0
0.200000 0.050000 0 0
0.200000 0.000000 0 0
0.200000 -0.050000 0 0
0.200000 -0.100000 0 0
0.200000 -0.150000 0.102208 -0.135918
0.200000 -0.200000 0.058470 -0.088973
0.200000 -0.250000 0.037996 -0.065175
0.200000 -0.300000 0.026283 -0.050345
0.200000 -0.350000 0.018926 -0.040174
0.200000 -0.400000 0.014041 -0.032801
0.200000 -0.450000 0.010670 -0.027259
0.200000 -0.500000 0.008273 -0.022981
0.250000 0.500000 0.009499 0.020913
0.250000 0.450000 0.012097 0.024405
0.250000 0.400000 0.015680 0.028765
0.250000 0.350000 0.020749 0.034284
0.250000 0.300000 0.028164 0.041381
0.250000 0.250000 0.039509 0.050648
0.250000 0.200000 0.058047 0.062775
0.250000 0.150000 0.091199 0.077045
0.250000 0.100000 0.149435 0.079613
0.250000 0.050000 0.202251 0.046064
0.250000 0.000000 0.218416 -0.000472
0.250000 -0.050000 0.201563 -0.046951
0.250000 -0.100000 0.148107 -0.079914
0.250000 -0.150000 0.090310 -0.076779
0.250000 -0.200000 0.057568 -0.062502
0.250000 -0.250000 0.039227 -0.050437
0.250000 -0.300000 0.027984 -0.041220
0.250000 -0.350000 0.020629 -0.034160
0.250000 -0.400000 0.015596 -0.028667
0.250000 -0.450000 0.012037 -0.024327
0.250000 -0.500000 0.009455 -0.020850
0.300000 0.500000 0.010257 0.018664
0.300000 0.450000 0.012862 0.021376
0.300000 0.400000 0.016358 0.024602
0.300000 0.350000 0.021137 0.028421
0.300000 0.300000 0.027802 0.032869
0.300000 0.250000 0.037304 0.037814
0.300000 0.200000 0.051062 0.042563
0.300000 0.150000 0.070593 0.044818
0.300000 0.100000 0.094610 0.039522
0.300000 0.050000 0.114746 0.023095
0.300000 0.000000 0.122172 -0.000244
0.300000 -0.050000 0.114450 -0.023515
0.300000 -0.100000 0.094130 -0.039737
0.300000 -0.150000 0.070144 -0.044826
0.300000 -0.200000 0.050734 -0.042480
0.300000 -0.250000 0.037077 -0.037713
0.300000 -0.300000 0.027645 -0.032774
0.300000 -0.350000 0.021025 -0.028338
0.300000 -0.400000 0.016278 -0.024532
0.300000 -0.450000 0.012803 -0.021317
0.300000 -0.500000 0.010212 -0.018615
0.350000 0.500000 0.010629 0.016444
0.350000 0.450000 0.013104 0.018462
0.350000 0.400000 0.016322 0.020725
0.350000 0.350000 0.020544 0.023191
0.350000 0.300000 0.026119 0.025722
0.350000 0.250000 0.033475 0.027976
0.350000 0.200000 0.042994 0.029210
0.350000 0.150000 0.054562 0.028066
0.350000 0.100000 0.066671 0.022842
0.350000 0.050000 0.076095 0.012894
0.350000 0.000000 0.079601 -0.000136
0.350000 -0.050000 0.075956 -0.013133
0.350000 -0.100000 0.066443 -0.022994
0.350000 -0.150000 0.054317 -0.028124
0.350000 -0.200000 0.042782 -0.029203
0.350000 -0.250000 0.033308 -0.027937
0.350000 -0.300000 0.025992 -0.025672
0.350000 -0.350000 0.020447 -0.023140
0.350000 -0.400000 0.016249 -0.020677
0.350000 -0.450000 0.013048 -0.018419
0.350000 -0.500000 0.010586 -0.016406
0.400000 0.500000 0.010682 0.014347
0.400000 0.450000 0.012939 0.015790
0.400000 0.400000 0.015778 0.017297
0.400000 0.350000 0.019348 0.018779
0.400000 0.300000 0.023815 0.020060
0.400000 0.250000 0.029309 0.020825
0.400000 0.200000 0.035813 0.020571
0.400000 0.150000 0.042945 0.018628
0.400000 0.100000 0.049734 0.014409
0.400000 0.050000 0.054713 0.007890
0.400000 0.000000 0.056527 -0.000082
0.400000 -0.050000 0.054641 -0.008038
0.400000 -0.100000 0.049611 -0.014517
0.400000 -0.150000 0.042802 -0.018688
0.400000 -0.200000 0.035675 -0.020590
0.400000 -0.250000 0.029189 -0.020818
0.400000 -0.300000 0.023716 -0.020038
0.400000 -0.350000 0.019268 -0.018751
0.400000 -0.400000 0.015714 -0.017267
0.400000 -0.450000 0.012889 -0.015760
0.400000 -0.500000 0.010642 -0.014319
0.450000 0.500000 0.010491 0.012436
0.450000 0.450000 0.012490 0.013425
0.450000 0.400000 0.014921 0.014374
0.450000 0.350000 0.017859 0.015186
0.450000 0.300000 0.021358 0.015707
0.450000 0.250000 0.025416 0.015708
0.450000 0.200000 0.029903 0.014893
0.450000 0.150000 0.034484 0.012946
0.450000 0.100000 0.038576 0.009675
0.450000 0.050000 0.041447 0.005180
0.450000 0.000000 0.042471 -0.000054
0.450000 -0.050000 0.041406 -0.005279
0.450000 -0.100000 0.038504 -0.009753
0.450000 -0.150000 0.034395 -0.012998
0.450000 -0.200000 0.029811 -0.014919
0.450000 -0.250000 0.025329 -0.015715
0.450000 -0.300000 0.021282 -0.015700
0.450000 -0.350000 0.017795 -0.015172
0.450000 -0.400000 0.014868 -0.014356
0.450000 -0.450000 0.012446 -0.013405
0.450000 -0.500000 0.010455 -0.012416
0.500000 0.500000 0.010130 0.010737
0.500000 0.450000 0.011863 0.011384
0.500000 0.400000 0.013906 0.011938
0.500000 0.350000 0.016286 0.012315
0.500000 0.300000 0.019002 0.012397
0.500000 0.250000 0.022004 0.012037
0.500000 0.200000 0.025154 0.011065
0.500000 0.150000 0.028208 0.009341
0.500000 0.100000 0.030815 0.006813
0.500000 0.050000 0.032585 0.003590
0.500000 0.000000 0.033207 -0.000037
0.500000 -0.050000 0.032561 -0.003660
0.500000 -0.100000 0.030770 -0.006871
0.500000 -0.150000 0.028150 -0.009383
0.500000 -0.200000 0.025091 -0.011092
0.500000 -0.250000 0.021942 -0.012049
0.500000 -0.300000 0.018945 -0.012400
0.500000 -0.350000 0.016235 -0.012310
0.500000 -0.400000 0.013862 -0.011928
0.500000 -0.450000 0.011825 -0.011372
0.500000 -0.500000 0.010098 -0.010723
