0.000100 0.000109
0.000200 0.000264
0.000300 0.000585
0.000400 0.001224
0.000500 0.001682
0.000600 0.002321
0.000700 0.003308
0.000800 0.004924
0.000900 0.006239
0.001000 0.007994
0.001100 0.010595
0.001200 0.013594
0.001300 0.016413
0.001400 0.019455
0.001500 0.023852
0.001600 0.028195
0.001700 0.032804
0.001800 0.038278
0.001900 0.043856
0.002000 0.051449
0.002100 0.059635
0.002200 0.067700
0.002300 0.077165
0.002400 0.085947
0.002500 0.097048
0.002600 0.108416
0.002700 0.120990
0.002800 0.132649
0.002900 0.145032
0.003000 0.159738
0.003100 0.173431
0.003200 0.189738
0.003300 0.205710
0.003400 0.223833
0.003500 0.240249
0.003600 0.257864
0.003700 0.275383
0.003800 0.296409
0.003900 0.317266
0.004000 0.337363
0.004100 0.359871
0.004200 0.381623
0.004300 0.405614
0.004400 0.427317
0.004500 0.449665
0.004600 0.474022
0.004700 0.498520
0.004800 0.524791
0.004900 0.549387
0.005000 0.577951
0.005100 0.606368
0.005200 0.635004
0.005300 0.663064
0.005400 0.693234
0.005500 0.725106
0.005600 0.754535
0.005700 0.783010
0.005800 0.811551
0.005900 0.839989
0.006000 0.871775
0.006100 0.903126
0.006200 0.937169
0.006300 0.968998
0.006400 1.002637
0.006500 1.032646
0.006600 1.065158
0.006700 1.095582
0.006800 1.124832
0.006900 1.158514
0.007000 1.186879
0.007100 1.216200
0.007200 1.245299
0.007300 1.277159
0.007400 1.308127
0.007500 1.341487
0.007600 1.372957
0.007700 1.403462
0.007800 1.429908
0.007900 1.459233
0.008000 1.490185
0.008100 1.517379
0.008200 1.546904
0.008300 1.569463
0.008400 1.596584
0.008500 1.615910
0.008600 1.641303
0.008700 1.660092
0.008800 1.681497
0.008900 1.697892
0.009000 1.714176
0.009100 1.730621
0.009200 1.749119
0.009300 1.760743
0.009400 1.778587
0.009500 1.793195
0.009600 1.801715
0.009700 1.806195
0.009800 1.814267
0.009900 1.821631
0.010000 1.825885
0.010100 1.832100
0.010200 1.836999
0.010300 1.842132
0.010400 1.838172
0.010500 1.831809
0.010600 1.829491
0.010700 1.819732
0.010800 1.816225
0.010900 1.811047
0.011000 1.803854
0.011100 1.790431
0.011200 1.775560
0.011300 1.753916
0.011400 1.730682
0.011500 1.707167
0.011600 1.688530
0.011700 1.669941
0.011800 1.645335
0.011900 1.613450
0.012000 1.582903
0.012100 1.556962
0.012200 1.522938
0.012300 1.482125
0.012400 1.444832
0.012500 1.411920
0.012600 1.369764
0.012700 1.324485
0.012800 1.282104
0.012900 1.237737
0.013000 1.196441
0.013100 1.144891
0.013200 1.090047
0.013300 1.043954
0.013400 0.986386
0.013500 0.938341
0.013600 0.886692
0.013700 0.823906
0.013800 0.764041
0.013900 0.700767
0.014000 0.639204
0.014100 0.582997
0.014200 0.515799
0.014300 0.453878
0.014400 0.385856
0.014500 0.319625
0.014600 0.249898
0.014700 0.183053
0.014800 0.119036
0.014900 0.056599
0.015000 -0.016328
0.015100 -0.081658
0.015200 -0.153029
0.015300 -0.228726
0.015400 -0.301942
0.015500 -0.366674
0.015600 -0.440903
0.015700 -0.512166
0.015800 -0.574939
0.015900 -0.640876
0.016000 -0.715294
0.016100 -0.781359
0.016200 -0.842124
0.016300 -0.906156
0.016400 -0.979106
0.016500 -1.045808
0.016600 -1.107295
0.016700 -1.178472
0.016800 -1.233076
0.016900 -1.297528
0.017000 -1.362722
0.017100 -1.417634
0.017200 -1.477190
0.017300 -1.531253
0.017400 -1.589915
0.017500 -1.646331
0.017600 -1.704893
0.017700 -1.752596
0.017800 -1.799965
0.017900 -1.837779
0.018000 -1.889043
0.018100 -1.925951
0.018200 -1.962602
0.018300 -2.006553
0.018400 -2.046460
0.018500 -2.074189
0.018600 -2.109551
0.018700 -2.129630
0.018800 -2.161780
0.018900 -2.177432
0.019000 -2.201507
0.019100 -2.217485
0.019200 -2.225730
0.019300 -2.239896
0.019400 -2.247057
0.019500 -2.261441
0.019600 -2.265406
0.019700 -2.265739
0.019800 -2.270945
0.019900 -2.267419
0.020000 -2.251126
0.020100 -2.233138
0.020200 -2.222745
0.020300 -2.204831
0.020400 -2.175162
0.020500 -2.148387
0.020600 -2.122077
0.020700 -2.092412
0.020800 -2.046665
0.020900 -2.016912
0.021000 -1.964938
0.021100 -1.916457
0.021200 -1.867514
0.021300 -1.822363
0.021400 -1.764581
0.021500 -1.708705
0.021600 -1.647036
0.021700 -1.587806
0.021800 -1.508109
0.021900 -1.434347
0.022000 -1.354850
0.022100 -1.280285
0.022200 -1.195605
0.022300 -1.112724
0.022400 -1.015348
0.022500 -0.916358
0.022600 -0.827222
0.022700 -0.723240
0.022800 -0.616232
0.022900 -0.517616
0.023000 -0.414372
0.023100 -0.317713
0.023200 -0.218617
0.023300 -0.096573
0.023400 0.023259
0.023500 0.134840
0.023600 0.241335
0.023700 0.371563
0.023800 0.481917
0.023900 0.601876
0.024000 0.716366
0.024100 0.842540
0.024200 0.981311
0.024300 1.099656
0.024400 1.231090
0.024500 1.372796
0.024600 1.505430
0.024700 1.643816
0.024800 1.786503
0.024900 1.935362
0.025000 2.078052
0.025100 2.219082
0.025200 2.346585
0.025300 2.495138
0.025400 2.621047
0.025500 2.761990
0.025600 2.902551
0.025700 3.047229
0.025800 3.186910
0.025900 3.317298
0.026000 3.457748
0.026100 3.582226
0.026200 3.714676
0.026300 3.843746
0.026400 3.976956
0.026500 4.111007
0.026600 4.238177
0.026700 4.358996
0.026800 4.484078
0.026900 4.599405
0.027000 4.712953
0.027100 4.836059
0.027200 4.962609
0.027300 5.067997
0.027400 5.175206
0.027500 5.276491
0.027600 5.385303
0.027700 5.491061
0.027800 5.580778
0.027900 5.683195
0.028000 5.785731
0.028100 5.883955
0.028200 5.983848
0.028300 6.060035
0.028400 6.151900
0.028500 6.226022
0.028600 6.295475
0.028700 6.356239
0.028800 6.415919
0.028900 6.490981
0.029000 6.540808
0.029100 6.591879
0.029200 6.649380
0.029300 6.691242
0.029400 6.722271
0.029500 6.756073
0.029600 6.776182
0.029700 6.800512
0.029800 6.829491
0.029900 6.843814
0.030000 6.869300
0.030100 6.864901
0.030200 6.865827
0.030300 6.875093
0.030400 6.864045
0.030500 6.853295
0.030600 6.837729
0.030700 6.816601
0.030800 6.784237
0.030900 6.742573
0.031000 6.704100
0.031100 6.672208
0.031200 6.643889
0.031300 6.582664
0.031400 6.529021
0.031500 6.478592
0.031600 6.410794
0.031700 6.353830
0.031800 6.288903
0.031900 6.229362
0.032000 6.157057
0.032100 6.064501
0.032200 5.988426
0.032300 5.897974
0.032400 5.811533
0.032500 5.696406
0.032600 5.585756
0.032700 5.484940
0.032800 5.384448
0.032900 5.276773
0.033000 5.154294
0.033100 5.045976
0.033200 4.919484
0.033300 4.794061
0.033400 4.679751
0.033500 4.533420
0.033600 4.395308
0.033700 4.245983
0.033800 4.094168
0.033900 3.944381
0.034000 3.798006
0.034100 3.649355
0.034200 3.509516
0.034300 3.369633
0.034400 3.215012
0.034500 3.066136
0.034600 2.908165
0.034700 2.743636
0.034800 2.585388
0.034900 2.437758
0.035000 2.289960
0.035100 2.133480
0.035200 1.970739
0.035300 1.816826
0.035400 1.671089
0.035500 1.511955
0.035600 1.361995
0.035700 1.188090
0.035800 1.043650
0.035900 0.877210
0.036000 0.732135
0.036100 0.570576
0.036200 0.409560
0.036300 0.278125
0.036400 0.137697
0.036500 -0.023541
0.036600 -0.172682
0.036700 -0.319226
0.036800 -0.446179
0.036900 -0.597502
0.037000 -0.726149
0.037100 -0.860275
0.037200 -0.990744
0.037300 -1.097991
0.037400 -1.227469
0.037500 -1.356317
0.037600 -1.474741
0.037700 -1.564622
0.037800 -1.654218
0.037900 -1.750319
0.038000 -1.853887
0.038100 -1.934167
0.038200 -2.026341
0.038300 -2.122781
0.038400 -2.201156
0.038500 -2.275487
0.038600 -2.326793
0.038700 -2.392180
0.038800 -2.431835
0.038900 -2.478364
0.039000 -2.533635
0.039100 -2.579030
0.039200 -2.622979
0.039300 -2.632274
0.039400 -2.643370
0.039500 -2.645120
0.039600 -2.660810
0.039700 -2.645566
0.039800 -2.657614
0.039900 -2.634135
0.040000 -2.604935
0.040100 -2.574658
0.040200 -2.549630
0.040300 -2.529891
0.040400 -2.494024
0.040500 -2.435261
0.040600 -2.371780
0.040700 -2.288203
0.040800 -2.221788
0.040900 -2.137182
0.041000 -2.057713
0.041100 -1.976990
0.041200 -1.869733
0.041300 -1.767391
0.041400 -1.672969
0.041500 -1.578122
0.041600 -1.439569
0.041700 -1.293420
0.041800 -1.174751
0.041900 -1.053991
0.042000 -0.915988
0.042100 -0.771580
0.042200 -0.616268
0.042300 -0.438057
0.042400 -0.257540
0.042500 -0.073210
0.042600 0.108877
0.042700 0.306206
0.042800 0.484694
0.042900 0.674754
0.043000 0.859542
0.043100 1.072176
0.043200 1.256584
0.043300 1.478122
0.043400 1.671248
0.043500 1.884651
0.043600 2.093266
0.043700 2.306578
0.043800 2.521219
0.043900 2.730250
0.044000 2.965733
0.044100 3.200245
0.044200 3.451990
0.044300 3.711381
0.044400 3.959965
0.044500 4.189319
0.044600 4.446943
0.044700 4.703532
0.044800 4.944879
0.044900 5.195979
0.045000 5.454926
0.045100 5.714406
0.045200 5.964179
0.045300 6.226776
0.045400 6.460516
0.045500 6.715114
0.045600 6.973670
0.045700 7.205124
0.045800 7.448137
0.045900 7.678860
0.046000 7.917765
0.046100 8.166501
0.046200 8.389101
0.046300 8.641829
0.046400 8.861820
0.046500 9.070354
0.046600 9.299069
0.046700 9.511540
0.046800 9.745537
0.046900 9.980206
0.047000 10.209720
0.047100 10.435521
0.047200 10.619913
0.047300 10.825100
0.047400 11.028138
0.047500 11.207712
0.047600 11.401172
0.047700 11.583432
0.047800 11.737514
0.047900 11.907292
0.048000 12.095094
0.048100 12.234103
0.048200 12.389690
0.048300 12.526090
0.048400 12.658065
0.048500 12.797513
0.048600 12.912962
0.048700 13.027391
0.048800 13.143874
0.048900 13.262491
0.049000 13.340412
0.049100 13.411502
0.049200 13.475321
0.049300 13.547197
0.049400 13.629277
0.049500 13.710635
0.049600 13.769111
0.049700 13.797524
0.049800 13.851366
0.049900 13.896964
0.050000 13.931115
0.050100 13.944409
0.050200 13.932110
0.050300 13.937197
0.050400 13.929923
0.050500 13.901640
0.050600 13.901243
0.050700 13.886356
0.050800 13.826777
0.050900 13.755777
0.051000 13.712738
0.051100 13.644061
0.051200 13.554842
0.051300 13.482100
0.051400 13.405007
0.051500 13.294427
0.051600 13.170178
0.051700 13.051147
0.051800 12.916902
0.051900 12.786545
0.052000 12.640310
0.052100 12.485681
0.052200 12.341665
0.052300 12.208709
0.052400 12.076114
0.052500 11.905628
0.052600 11.735928
0.052700 11.571928
0.052800 11.407084
0.052900 11.203769
0.053000 11.007509
0.053100 10.804895
0.053200 10.580649
0.053300 10.386440
0.053400 10.195957
0.053500 9.980641
0.053600 9.766385
0.053700 9.531312
0.053800 9.310360
0.053900 9.075480
0.054000 8.867122
0.054100 8.655797
0.054200 8.419991
0.054300 8.170605
0.054400 7.956411
0.054500 7.736737
0.054600 7.497031
0.054700 7.274463
0.054800 7.025856
0.054900 6.762709
0.055000 6.502267
0.055100 6.249462
0.055200 6.021030
0.055300 5.783772
0.055400 5.557964
0.055500 5.308632
0.055600 5.050936
0.055700 4.822320
0.055800 4.600834
0.055900 4.339968
0.056000 4.109354
0.056100 3.871610
0.056200 3.639098
0.056300 3.430844
0.056400 3.230568
0.056500 3.000117
0.056600 2.794475
0.056700 2.582632
0.056800 2.367769
0.056900 2.135647
0.057000 1.915068
0.057100 1.716545
0.057200 1.545452
0.057300 1.337022
0.057400 1.141555
0.057500 0.961412
0.057600 0.813285
0.057700 0.627905
0.057800 0.467485
0.057900 0.329578
0.058000 0.202598
0.058100 0.052004
0.058200 -0.073619
0.058300 -0.165131
0.058400 -0.279730
0.058500 -0.372061
0.058600 -0.447850
0.058700 -0.550029
0.058800 -0.638137
0.058900 -0.712186
0.059000 -0.795016
0.059100 -0.870259
0.059200 -0.928509
0.059300 -0.981184
0.059400 -0.978859
0.059500 -1.020551
0.059600 -1.026241
0.059700 -0.996747
0.059800 -0.987796
0.059900 -0.947279
0.060000 -0.907708
0.060100 -0.898358
0.060200 -0.840288
0.060300 -0.792337
0.060400 -0.710983
0.060500 -0.654240
0.060600 -0.591709
0.060700 -0.469956
0.060800 -0.377734
0.060900 -0.291545
0.061000 -0.194645
0.061100 -0.059966
0.061200 0.098177
0.061300 0.257138
0.061400 0.417758
0.061500 0.567456
0.061600 0.767239
0.061700 0.927638
0.061800 1.134438
0.061900 1.361188
0.062000 1.589341
0.062100 1.807162
0.062200 2.059498
0.062300 2.289768
0.062400 2.520357
0.062500 2.794737
0.062600 3.063046
0.062700 3.336476
0.062800 3.580461
0.062900 3.858785
0.063000 4.128317
0.063100 4.423922
0.063200 4.690290
0.063300 5.015984
0.063400 5.296961
0.063500 5.640664
0.063600 5.962070
0.063700 6.296650
0.063800 6.622757
0.063900 6.952223
0.064000 7.270674
0.064100 7.623489
0.064200 7.977124
0.064300 8.349909
0.064400 8.665517
0.064500 9.010561
0.064600 9.385411
0.064700 9.726937
0.064800 10.051160
0.064900 10.396287
0.065000 10.779493
0.065100 11.107478
0.065200 11.468180
0.065300 11.814672
0.065400 12.171295
0.065500 12.540730
0.065600 12.862908
0.065700 13.229504
0.065800 13.567846
0.065900 13.946223
0.066000 14.284620
0.066100 14.659357
0.066200 15.010374
0.066300 15.346570
0.066400 15.708676
0.066500 16.051981
0.066600 16.376354
0.066700 16.691660
0.066800 17.026037
0.066900 17.311047
0.067000 17.618755
0.067100 17.947710
0.067200 18.240034
0.067300 18.534847
0.067400 18.832935
0.067500 19.089443
0.067600 19.346201
0.067700 19.579676
0.067800 19.859852
0.067900 20.082037
0.068000 20.313599
0.068100 20.536028
0.068200 20.727146
0.068300 20.932217
0.068400 21.145269
0.068500 21.361193
0.068600 21.536263
0.068700 21.676920
0.068800 21.826414
0.068900 21.981178
0.069000 22.087845
0.069100 22.194370
0.069200 22.313787
0.069300 22.454231
0.069400 22.560419
0.069500 22.673204
0.069600 22.727993
0.069700 22.812757
0.069800 22.853968
0.069900 22.925308
0.070000 22.955149
0.070100 23.004377
0.070200 22.996477
0.070300 22.965328
0.070400 22.942408
0.070500 22.941471
0.070600 22.925289
0.070700 22.862604
0.070800 22.812065
0.070900 22.730946
0.071000 22.643595
0.071100 22.540859
0.071200 22.420507
0.071300 22.293409
0.071400 22.207706
0.071500 22.091801
0.071600 21.953354
0.071700 21.792715
0.071800 21.610394
0.071900 21.436707
0.072000 21.278217
0.072100 21.065796
0.072200 20.837341
0.072300 20.657606
0.072400 20.426777
0.072500 20.229393
0.072600 19.988052
0.072700 19.757101
0.072800 19.488894
0.072900 19.211126
0.073000 18.945206
0.073100 18.685064
0.073200 18.441744
0.073300 18.189495
0.073400 17.879780
0.073500 17.607122
0.073600 17.311457
0.073700 16.978155
0.073800 16.639774
0.073900 16.344971
0.074000 16.013605
0.074100 15.675552
0.074200 15.354427
0.074300 14.991278
0.074400 14.683054
0.074500 14.364964
0.074600 14.020196
0.074700 13.683229
0.074800 13.329963
0.074900 12.957892
0.075000 12.606989
0.075100 12.230756
0.075200 11.877691
0.075300 11.513811
0.075400 11.179358
0.075500 10.839263
0.075600 10.491336
0.075700 10.163527
0.075800 9.829464
0.075900 9.537463
0.076000 9.248474
0.076100 8.919259
0.076200 8.606288
0.076300 8.297510
0.076400 8.012046
0.076500 7.719413
0.076600 7.392997
0.076700 7.102926
0.076800 6.817833
0.076900 6.549623
0.077000 6.311173
0.077100 6.061779
0.077200 5.838918
0.077300 5.553614
0.077400 5.282606
0.077500 5.048629
0.077600 4.815804
0.077700 4.619972
0.077800 4.431904
0.077900 4.247661
0.078000 4.058956
0.078100 3.839432
0.078200 3.706678
0.078300 3.519522
0.078400 3.377166
0.078500 3.225743
0.078600 3.082308
0.078700 2.938301
0.078800 2.802593
0.078900 2.737359
0.079000 2.623518
0.079100 2.514771
0.079200 2.480105
0.079300 2.410773
0.079400 2.337013
0.079500 2.329891
0.079600 2.315222
0.079700 2.346488
0.079800 2.375493
0.079900 2.420681
0.080000 2.448395
0.080100 2.515050
0.080200 2.579211
0.080300 2.669452
0.080400 2.753048
0.080500 2.818072
0.080600 2.954260
0.080700 3.081749
0.080800 3.184051
0.080900 3.340834
0.081000 3.516994
0.081100 3.658434
0.081200 3.815569
0.081300 3.995770
0.081400 4.171376
0.081500 4.396991
0.081600 4.626640
0.081700 4.841343
0.081800 5.107326
0.081900 5.382483
0.082000 5.696916
0.082100 6.005785
0.082200 6.278738
0.082300 6.558055
0.082400 6.905573
0.082500 7.250861
0.082600 7.606508
0.082700 7.993747
0.082800 8.320480
0.082900 8.695161
0.083000 9.058128
0.083100 9.478159
0.083200 9.897511
0.083300 10.318178
0.083400 10.739846
0.083500 11.117134
0.083600 11.577271
0.083700 12.019029
0.083800 12.437046
0.083900 12.912749
0.084000 13.314127
0.084100 13.763111
0.084200 14.250388
0.084300 14.696867
0.084400 15.182693
0.084500 15.627794
0.084600 16.075741
0.084700 16.498686
0.084800 16.953156
0.084900 17.382484
0.085000 17.835484
0.085100 18.286020
0.085200 18.791874
0.085300 19.237026
0.085400 19.686255
0.085500 20.178848
0.085600 20.677057
0.085700 21.168657
0.085800 21.616808
0.085900 22.045403
0.086000 22.497532
0.086100 22.939030
0.086200 23.388952
0.086300 23.832912
0.086400 24.272167
0.086500 24.726032
0.086600 25.109179
0.086700 25.566048
0.086800 25.971968
0.086900 26.367115
0.087000 26.746181
0.087100 27.158392
0.087200 27.505188
0.087300 27.837879
0.087400 28.221928
0.087500 28.539606
0.087600 28.842421
0.087700 29.152864
0.087800 29.472164
0.087900 29.790197
0.088000 30.125101
0.088100 30.375137
0.088200 30.652018
0.088300 30.891691
0.088400 31.127392
0.088500 31.338394
0.088600 31.530609
0.088700 31.785881
0.088800 31.961897
0.088900 32.182575
0.089000 32.400566
0.089100 32.538910
0.089200 32.650734
0.089300 32.787731
0.089400 32.881420
0.089500 32.964382
0.089600 33.075077
0.089700 33.122906
0.089800 33.219296
0.089900 33.235397
0.090000 33.242058
0.090100 33.316364
0.090200 33.352757
0.090300 33.363129
0.090400 33.336334
0.090500 33.341900
0.090600 33.276264
0.090700 33.179081
0.090800 33.131271
0.090900 33.041714
0.091000 32.908447
0.091100 32.813431
0.091200 32.720310
0.091300 32.622356
0.091400 32.458191
0.091500 32.263836
0.091600 32.111240
0.091700 31.962097
0.091800 31.723463
0.091900 31.555387
0.092000 31.298763
0.092100 31.021814
0.092200 30.790796
0.092300 30.521795
0.092400 30.253386
0.092500 29.932852
0.092600 29.677387
0.092700 29.355034
0.092800 29.045830
0.092900 28.746679
0.093000 28.437416
0.093100 28.078522
0.093200 27.766714
0.093300 27.422312
0.093400 27.054928
0.093500 26.696825
0.093600 26.334665
0.093700 25.989656
0.093800 25.616785
0.093900 25.261507
0.094000 24.891163
0.094100 24.514721
0.094200 24.099899
0.094300 23.673738
0.094400 23.249475
0.094500 22.793478
0.094600 22.413071
0.094700 22.007044
0.094800 21.558165
0.094900 21.159952
0.095000 20.685867
0.095100 20.262926
0.095200 19.874979
0.095300 19.409794
0.095400 18.936661
0.095500 18.476555
0.095600 18.049578
0.095700 17.582220
0.095800 17.155077
0.095900 16.738440
0.096000 16.342072
0.096100 15.888560
0.096200 15.455011
0.096300 15.102969
0.096400 14.737432
0.096500 14.391403
0.096600 13.981761
0.096700 13.575096
0.096800 13.229042
0.096900 12.843646
0.097000 12.502275
0.097100 12.201200
0.097200 11.827315
0.097300 11.463284
0.097400 11.134040
0.097500 10.849131
0.097600 10.571044
0.097700 10.298114
0.097800 10.019837
0.097900 9.761761
0.098000 9.527132
0.098100 9.316274
0.098200 9.099380
0.098300 8.882478
0.098400 8.721123
0.098500 8.552368
0.098600 8.349611
0.098700 8.162364
0.098800 8.010365
0.098900 7.904661
0.099000 7.835067
0.099100 7.717463
0.099200 7.652687
0.099300 7.611165
0.099400 7.569683
0.099500 7.520758
0.099600 7.475306
0.099700 7.526170
0.099800 7.521513
0.099900 7.563064
0.099900 7.604614
