T	0.133	1.015	0.612
W	0.224	0.993	0.298
P	0.138	1.015	0.515	0.318
P	0.113	1.001	0.508	0.281
W	0.230	1.002	0.298
W	0.222	1.010	0.299
T	0.130	1.010	0.605
T	0.138	1.015	0.619
W	0.225	0.994	0.299
P	0.118	0.989	0.504	0.297
T	0.125	1.004	0.596
W	0.232	1.012	0.295
W	0.222	1.003	0.300
T	0.127	1.004	0.614
P	0.120	0.978	0.503	0.297
T	0.134	1.014	0.616
P	0.120	1.004	0.507	0.299
P	0.118	0.998	0.497	0.295
T	0.134	1.005	0.620
T	0.122	1.004	0.587
T	0.129	0.999	0.624
T	0.117	1.008	0.586
T	0.106	1.009	0.558
W	0.221	0.988	0.298
T	0.122	1.015	0.580
P	0.118	0.999	0.509	0.294
P	0.119	1.008	0.490	0.301
T	0.114	0.994	0.580
P	0.125	1.005	0.498	0.305
T	0.132	1.001	0.620
W	0.217	0.986	0.293
T	0.122	1.000	0.602
T	0.124	1.000	0.602
T	0.117	0.996	0.579
P	0.117	0.987	0.480	0.308
T	0.131	1.014	0.612
P	0.118	1.005	0.511	0.292
T	0.128	1.016	0.607
T	0.137	1.002	0.620
W	0.233	0.986	0.303
T	0.123	0.990	0.604
W	0.232	0.992	0.302
W	0.229	1.019	0.297
W	0.229	0.991	0.299
T	0.127	1.000	0.615
T	0.114	1.007	0.583
W	0.221	0.997	0.300
P	0.125	0.989	0.511	0.302
W	0.232	1.006	0.300
W	0.222	1.014	0.300
W	0.232	1.009	0.297
W	0.233	1.005	0.305
W	0.233	1.004	0.302
T	0.122	1.013	0.609
W	0.232	1.011	0.300
W	0.223	1.014	0.294
P	0.123	0.987	0.513	0.309
W	0.235	1.019	0.299
P	0.113	1.006	0.486	0.299
T	0.117	1.002	0.576
P	0.126	1.005	0.514	0.299
W	0.229	0.992	0.298
P	0.122	1.008	0.514	0.303
W	0.221	1.002	0.295
T	0.124	1.006	0.599
T	0.128	0.979	0.616
T	0.134	0.995	0.626
P	0.127	1.011	0.493	0.313
W	0.221	0.997	0.299
W	0.232	0.994	0.302
W	0.225	0.996	0.299
W	0.206	0.980	0.299
W	0.212	0.984	0.299
T	0.114	1.002	0.578
T	0.128	0.996	0.611
P	0.110	1.006	0.502	0.276
P	0.119	0.984	0.531	0.300
T	0.130	0.994	0.604
T	0.129	1.011	0.605
P	0.132	1.002	0.505	0.313
P	0.126	1.001	0.507	0.307
P	0.115	0.985	0.492	0.298
T	0.117	0.998	0.588
P	0.119	1.007	0.506	0.290
W	0.217	0.977	0.297
W	0.238	1.020	0.304
P	0.134	1.019	0.512	0.311
T	0.142	1.011	0.641
T	0.135	1.018	0.611
P	0.121	1.001	0.529	0.284
W	0.222	0.992	0.299
T	0.130	1.002	0.616
P	0.121	1.017	0.511	0.296
W	0.228	1.015	0.293
P	0.127	0.999	0.508	0.300
W	0.228	1.018	0.302
T	0.129	0.996	0.602
P	0.124	1.000	0.510	0.302
T	0.115	1.020	0.587
T	0.111	0.990	0.567
T	0.117	0.997	0.593
P	0.119	1.000	0.511	0.291
T	0.117	0.991	0.586
W	0.229	1.002	0.303
W	0.231	1.013	0.304
W	0.236	1.025	0.299
W	0.246	1.009	0.302
T	0.124	0.995	0.601
P	0.122	1.007	0.501	0.310
W	0.243	1.002	0.305
P	0.115	0.984	0.491	0.299
W	0.227	1.003	0.300
W	0.224	1.004	0.301
T	0.126	1.013	0.602
P	0.117	0.995	0.492	0.303
T	0.131	0.996	0.613
W	0.232	0.992	0.304
P	0.120	1.002	0.496	0.298
W	0.227	0.987	0.300
P	0.128	1.005	0.506	0.304
W	0.221	0.998	0.297
P	0.118	1.004	0.496	0.306
P	0.121	0.982	0.507	0.301
W	0.221	0.997	0.296
W	0.225	0.985	0.300
P	0.129	1.013	0.509	0.303
W	0.228	0.988	0.299
T	0.141	1.000	0.644
T	0.124	1.011	0.608
W	0.220	1.009	0.300
P	0.123	1.005	0.504	0.303
W	0.221	1.006	0.297
P	0.113	1.007	0.489	0.292
W	0.230	0.998	0.303
P	0.115	0.990	0.501	0.285
P	0.127	1.012	0.506	0.296
P	0.111	0.995	0.499	0.292
T	0.112	1.008	0.587
P	0.120	1.007	0.504	0.289
P	0.127	1.011	0.502	0.305
T	0.124	1.007	0.609
P	0.117	1.003	0.495	0.306
W	0.224	0.987	0.301
W	0.225	1.002	0.301
W	0.224	1.005	0.297
W	0.225	1.011	0.299
T	0.133	1.006	0.606
T	0.129	0.995	0.613
T	0.124	1.006	0.602
P	0.125	0.999	0.487	0.322
T	0.120	0.993	0.592
W	0.217	1.001	0.295
P	0.114	1.000	0.502	0.289
T	0.123	0.994	0.594
W	0.222	0.996	0.299
T	0.124	1.019	0.588
P	0.114	0.990	0.484	0.297
T	0.124	0.994	0.609
W	0.224	1.001	0.299
W	0.213	1.000	0.298
W	0.228	1.001	0.302
W	0.207	1.000	0.298
T	0.127	0.997	0.596
P	0.125	0.989	0.517	0.310
P	0.116	1.005	0.509	0.273
T	0.124	0.993	0.592
T	0.114	0.989	0.580
W	0.221	1.005	0.295
P	0.129	1.003	0.502	0.309
P	0.114	0.972	0.503	0.294
W	0.224	0.992	0.302
T	0.126	0.995	0.600
T	0.127	0.995	0.613
P	0.121	1.004	0.487	0.309
W	0.222	0.995	0.302
W	0.219	1.009	0.295
P	0.105	0.992	0.483	0.285
P	0.114	0.980	0.488	0.306
P	0.118	0.996	0.507	0.296
T	0.134	0.998	0.611
W	0.225	1.003	0.297
W	0.230	0.991	0.305
T	0.123	1.003	0.599
P	0.126	1.012	0.492	0.302
W	0.228	1.018	0.292
P	0.119	1.018	0.505	0.292
T	0.116	1.011	0.579
W	0.236	0.985	0.301
W	0.221	1.004	0.304
T	0.122	1.000	0.595
T	0.116	0.998	0.572
P	0.122	1.005	0.511	0.293
T	0.102	0.987	0.558
P	0.115	1.005	0.496	0.287
W	0.238	1.008	0.299
T	0.133	0.984	0.628
T	0.115	0.997	0.583
T	0.113	0.984	0.572
P	0.118	1.008	0.514	0.286
P	0.119	1.006	0.489	0.286
T	0.141	1.010	0.619
W	0.239	1.000	0.301
P	0.125	0.990	0.493	0.322
P	0.122	1.005	0.496	0.307
W	0.236	1.004	0.298
T	0.112	0.994	0.568
T	0.120	0.995	0.594
W	0.234	1.004	0.299
P	0.123	1.005	0.501	0.309
W	0.231	1.008	0.305
T	0.148	0.999	0.641
W	0.222	0.985	0.304
W	0.234	1.007	0.301
P	0.128	1.010	0.499	0.313
W	0.226	0.998	0.302
T	0.117	1.013	0.590
P	0.129	1.000	0.496	0.319
W	0.240	1.008	0.302
W	0.229	1.012	0.298
T	0.139	0.989	0.637
P	0.122	1.006	0.497	0.319
T	0.115	1.013	0.573
P	0.123	1.020	0.474	0.317
T	0.143	1.004	0.638
P	0.120	1.001	0.506	0.294
P	0.123	1.004	0.499	0.299
P	0.125	0.999	0.501	0.308
P	0.124	1.012	0.501	0.300
P	0.121	0.993	0.486	0.310
W	0.229	1.023	0.299
W	0.212	0.991	0.296
T	0.122	1.009	0.593
W	0.230	0.994	0.301
W	0.232	1.004	0.299
P	0.124	1.004	0.503	0.309
P	0.117	0.991	0.492	0.297
W	0.235	1.007	0.306
P	0.125	0.998	0.519	0.295
T	0.123	1.005	0.604
T	0.134	0.992	0.610
P	0.123	1.007	0.506	0.304
T	0.124	0.994	0.604
T	0.133	1.014	0.615
P	0.117	1.004	0.503	0.306
P	0.123	0.995	0.510	0.292
P	0.117	1.005	0.507	0.299
W	0.230	1.005	0.302
W	0.208	0.999	0.296
T	0.119	1.004	0.600
T	0.133	1.008	0.617
T	0.156	1.004	0.650
P	0.117	1.005	0.496	0.299
W	0.233	0.995	0.300
W	0.222	0.996	0.303
P	0.113	0.994	0.488	0.296
T	0.135	0.995	0.617
T	0.120	1.014	0.594
T	0.128	1.020	0.607
W	0.227	1.004	0.303
T	0.123	0.996	0.599
P	0.117	0.997	0.504	0.294
W	0.231	0.989	0.300
T	0.103	0.981	0.554
P	0.125	1.000	0.508	0.294
T	0.136	0.997	0.620
P	0.130	0.993	0.510	0.303
T	0.136	1.014	0.628
P	0.117	1.008	0.482	0.308
W	0.233	0.994	0.301
P	0.118	1.027	0.496	0.298
T	0.117	1.001	0.567
T	0.117	0.996	0.596
P	0.113	1.015	0.500	0.282
W	0.222	1.001	0.297
P	0.127	1.014	0.516	0.306
W	0.227	1.012	0.301
T	0.128	1.006	0.601
P	0.119	1.002	0.502	0.289
W	0.225	1.007	0.297
T	0.119	1.004	0.578
W	0.228	1.005	0.301
P	0.121	0.991	0.498	0.300
W	0.223	1.010	0.299
T	0.130	0.988	0.612
P	0.118	0.997	0.492	0.303
W	0.229	1.001	0.302
P	0.122	1.010	0.509	0.291
P	0.126	0.994	0.499	0.325
P	0.121	0.992	0.512	0.299
T	0.125	0.999	0.598
P	0.113	0.985	0.518	0.282
W	0.221	1.007	0.296
W	0.227	0.997	0.300
W	0.228	1.008	0.300
P	0.128	0.988	0.503	0.303
P	0.118	0.994	0.506	0.289
W	0.230	0.993	0.298
W	0.212	0.990	0.300
W	0.227	1.002	0.301
P	0.118	1.007	0.489	0.306
T	0.121	0.989	0.596
W	0.225	1.005	0.296
P	0.112	1.011	0.497	0.289
T	0.128	0.996	0.595
T	0.128	0.991	0.623
T	0.128	0.999	0.615
W	0.230	0.984	0.306
T	0.132	0.994	0.615
W	0.227	1.011	0.301
T	0.125	1.014	0.591
P	0.121	0.987	0.499	0.312
P	0.128	0.989	0.496	0.307
T	0.124	1.002	0.605
T	0.137	1.007	0.622
W	0.218	0.991	0.299
T	0.123	0.979	0.595
P	0.123	1.003	0.479	0.308
P	0.116	1.010	0.496	0.299
W	0.223	0.995	0.298
T	0.108	1.017	0.572
T	0.106	0.997	0.557
P	0.124	1.006	0.491	0.311
T	0.127	1.006	0.600
T	0.122	1.003	0.591
P	0.131	1.014	0.506	0.306
T	0.129	1.002	0.616
P	0.114	1.001	0.494	0.291
P	0.115	1.000	0.507	0.292
T	0.127	1.006	0.620
W	0.228	0.998	0.304
P	0.131	1.003	0.512	0.316
T	0.132	0.989	0.613
P	0.119	1.015	0.500	0.300
T	0.122	0.993	0.581
P	0.113	0.985	0.490	0.293
W	0.225	1.015	0.301
T	0.107	0.987	0.569
P	0.116	0.999	0.500	0.287
P	0.117	1.002	0.510	0.298
P	0.137	1.000	0.511	0.314
P	0.120	1.007	0.501	0.297
P	0.110	1.017	0.498	0.272
W	0.211	0.981	0.296
P	0.123	1.013	0.503	0.309
T	0.107	0.995	0.576
P	0.114	0.996	0.492	0.301
P	0.112	1.013	0.487	0.285
T	0.115	0.999	0.574
T	0.126	0.997	0.594
P	0.123	1.014	0.510	0.299
W	0.235	0.995	0.305
W	0.232	1.011	0.298
P	0.122	0.992	0.496	0.302
T	0.121	1.004	0.577
P	0.111	1.005	0.480	0.285
P	0.125	1.020	0.505	0.297
P	0.116	1.009	0.487	0.295
P	0.115	0.993	0.495	0.306
P	0.121	1.010	0.516	0.289
T	0.134	1.002	0.609
P	0.120	0.995	0.492	0.305
P	0.126	1.009	0.493	0.314
P	0.121	1.002	0.510	0.301
W	0.223	0.995	0.298
W	0.224	1.003	0.301
T	0.136	1.013	0.619
T	0.113	1.004	0.569
W	0.218	1.001	0.298
T	0.115	1.009	0.591
W	0.221	1.012	0.296
P	0.114	0.991	0.513	0.295
P	0.117	0.998	0.485	0.304
W	0.231	1.002	0.299
P	0.119	0.995	0.488	0.304
P	0.117	0.997	0.504	0.292
P	0.123	1.001	0.503	0.305
P	0.127	1.009	0.502	0.303
W	0.226	0.986	0.302
W	0.238	1.014	0.300
T	0.121	0.999	0.596
P	0.118	1.008	0.495	0.298
P	0.121	1.009	0.495	0.305
P	0.113	0.996	0.484	0.303
W	0.231	0.991	0.301
P	0.118	1.007	0.494	0.301
P	0.125	0.991	0.492	0.319
T	0.105	1.000	0.559
T	0.137	1.005	0.623
P	0.119	0.997	0.503	0.295
P	0.119	1.002	0.494	0.292
W	0.220	1.012	0.298
W	0.214	1.013	0.298
T	0.119	0.988	0.591
P	0.117	0.994	0.492	0.301
W	0.227	1.007	0.302
W	0.241	1.000	0.301
T	0.128	0.989	0.603
P	0.114	0.988	0.498	0.301
P	0.113	1.015	0.491	0.290
P	0.111	0.994	0.497	0.288
T	0.130	1.008	0.618
P	0.119	1.023	0.504	0.280
P	0.119	1.006	0.497	0.294
T	0.127	1.008	0.611
P	0.119	0.997	0.502	0.304
W	0.222	1.011	0.297
T	0.120	0.995	0.592
T	0.115	1.012	0.576
P	0.126	1.006	0.513	0.299
W	0.222	1.006	0.296
W	0.231	1.009	0.302
T	0.131	0.986	0.615
P	0.119	1.010	0.502	0.297
P	0.118	0.992	0.515	0.286
W	0.226	1.011	0.294
W	0.236	0.996	0.301
P	0.122	0.993	0.490	0.317
W	0.227	0.995	0.300
P	0.120	1.002	0.500	0.305
P	0.115	0.985	0.514	0.285
W	0.232	1.005	0.298
T	0.118	0.993	0.581
T	0.129	1.012	0.609
P	0.127	0.995	0.526	0.299
P	0.122	1.038	0.505	0.301
P	0.119	0.990	0.481	0.308
T	0.124	1.010	0.593
T	0.129	0.993	0.608
W	0.218	0.992	0.298
P	0.126	0.994	0.504	0.304
P	0.115	0.991	0.491	0.306
T	0.128	0.994	0.610
P	0.114	0.988	0.498	0.295
P	0.113	1.003	0.502	0.286
P	0.112	1.000	0.503	0.293
T	0.125	0.992	0.598
T	0.131	1.001	0.605
T	0.120	0.973	0.586
P	0.133	0.997	0.523	0.304
P	0.120	0.992	0.492	0.307
T	0.110	0.992	0.571
P	0.125	1.004	0.512	0.312
W	0.236	1.015	0.298
P	0.117	0.985	0.492	0.306
W	0.217	0.976	0.300
W	0.227	1.005	0.301
W	0.229	0.993	0.304
T	0.123	1.002	0.593
W	0.237	1.013	0.300
P	0.120	1.010	0.498	0.305
P	0.131	1.002	0.515	0.314
W	0.227	0.988	0.302
T	0.119	1.006	0.585
W	0.223	1.001	0.299
P	0.115	0.999	0.506	0.291
T	0.130	1.004	0.621
W	0.226	1.008	0.304
T	0.130	1.007	0.597
W	0.227	0.986	0.305
P	0.120	0.996	0.504	0.306
T	0.123	0.980	0.608
P	0.126	0.995	0.507	0.302
T	0.129	0.989	0.621
P	0.114	0.980	0.487	0.304
T	0.129	1.014	0.592
T	0.123	1.013	0.592
P	0.121	1.008	0.490	0.314
P	0.125	1.000	0.504	0.313
T	0.128	1.012	0.603
P	0.113	0.996	0.514	0.284
T	0.129	1.013	0.603
T	0.104	1.001	0.547
W	0.231	1.000	0.301
P	0.121	0.987	0.495	0.308
T	0.141	0.994	0.638
W	0.228	0.998	0.298
W	0.249	0.998	0.306
T	0.142	0.994	0.631
P	0.111	1.005	0.487	0.292
P	0.121	0.994	0.510	0.291
P	0.125	0.996	0.496	0.309
P	0.119	1.010	0.499	0.290
W	0.229	1.027	0.301
P	0.117	0.977	0.523	0.294
P	0.118	1.002	0.481	0.303
W	0.233	1.006	0.303
W	0.221	0.996	0.300
P	0.113	0.991	0.498	0.294
W	0.221	1.006	0.301
P	0.120	0.992	0.498	0.310
T	0.131	0.984	0.612
P	0.123	0.995	0.497	0.307
T	0.140	0.993	0.636
T	0.124	0.997	0.604
W	0.218	0.999	0.297
P	0.115	1.008	0.508	0.284
T	0.111	1.003	0.576
P	0.133	1.004	0.509	0.309
W	0.227	0.991	0.304
W	0.221	0.998	0.300
W	0.238	1.007	0.302
P	0.122	0.998	0.507	0.298
T	0.132	1.000	0.623
W	0.214	1.001	0.298
W	0.218	1.003	0.297
W	0.236	1.012	0.300
W	0.234	1.005	0.301
W	0.230	1.000	0.300
W	0.216	1.002	0.296
T	0.121	1.001	0.587
T	0.116	1.003	0.591
P	0.126	1.014	0.501	0.312
T	0.120	0.991	0.577
P	0.120	0.997	0.511	0.295
P	0.125	0.996	0.496	0.311
W	0.224	1.000	0.298
W	0.209	0.986	0.298
T	0.121	0.993	0.591
P	0.122	0.985	0.493	0.320
P	0.120	0.989	0.504	0.287
W	0.220	0.999	0.300
W	0.212	1.001	0.299
T	0.123	0.997	0.596
W	0.224	1.000	0.301
W	0.233	1.005	0.301
P	0.120	1.007	0.484	0.311
T	0.133	0.996	0.609
P	0.133	0.990	0.504	0.318
T	0.123	1.001	0.602
W	0.229	0.975	0.306
P	0.119	1.001	0.522	0.287
W	0.213	0.992	0.301
P	0.131	1.006	0.492	0.322
P	0.120	1.009	0.485	0.310
P	0.121	1.004	0.490	0.304
P	0.118	0.984	0.505	0.301
P	0.121	1.003	0.488	0.316
P	0.116	0.992	0.491	0.291
W	0.220	0.995	0.300
W	0.216	0.988	0.295
P	0.125	1.020	0.507	0.307
T	0.121	0.987	0.598
W	0.218	1.004	0.297
W	0.228	1.009	0.303
T	0.126	1.019	0.594
W	0.233	1.013	0.302
T	0.114	1.005	0.574
W	0.219	1.003	0.301
W	0.218	1.007	0.301
P	0.120	1.001	0.497	0.304
P	0.128	0.993	0.500	0.328
W	0.231	1.000	0.300
P	0.130	1.000	0.498	0.312
P	0.119	0.990	0.500	0.289
P	0.131	0.998	0.502	0.320
P	0.120	1.003	0.501	0.311
T	0.132	0.987	0.624
T	0.133	1.005	0.611
T	0.132	1.003	0.614
T	0.130	1.008	0.610
W	0.237	0.999	0.297
P	0.123	0.993	0.506	0.295
W	0.223	1.007	0.298
P	0.118	0.991	0.494	0.314
W	0.236	1.002	0.298
P	0.117	1.013	0.477	0.302
W	0.224	1.006	0.300
W	0.228	0.981	0.301
W	0.237	1.015	0.301
T	0.133	0.996	0.619
T	0.124	1.011	0.592
P	0.119	1.005	0.487	0.298
P	0.110	0.975	0.500	0.280
T	0.133	0.995	0.603
W	0.224	0.994	0.304
P	0.119	1.007	0.486	0.300
P	0.122	1.008	0.508	0.303
W	0.218	1.003	0.300
T	0.131	1.009	0.603
P	0.122	0.998	0.493	0.299
W	0.225	1.004	0.298
P	0.112	0.986	0.480	0.301
W	0.232	1.002	0.300
P	0.116	1.015	0.490	0.285
P	0.128	1.013	0.506	0.308
T	0.107	1.002	0.565
P	0.124	1.018	0.508	0.293
T	0.134	1.012	0.616
W	0.225	0.995	0.299
P	0.127	1.010	0.493	0.310
T	0.114	0.996	0.575
T	0.119	1.020	0.581
W	0.227	1.003	0.299
W	0.217	0.999	0.300
W	0.232	1.000	0.305
P	0.113	0.998	0.480	0.300
W	0.226	0.997	0.297
P	0.124	0.989	0.504	0.312
T	0.128	1.013	0.608
P	0.119	0.983	0.498	0.303
P	0.125	1.013	0.508	0.310
T	0.131	1.005	0.615
P	0.119	1.004	0.495	0.301
P	0.131	1.004	0.503	0.318
P	0.126	0.999	0.500	0.306
W	0.232	1.017	0.301
T	0.131	1.007	0.623
W	0.237	1.016	0.300
W	0.226	1.008	0.299
T	0.132	0.999	0.611
W	0.240	1.005	0.307
P	0.126	1.014	0.502	0.312
P	0.121	0.998	0.487	0.319
P	0.112	1.004	0.508	0.278
P	0.121	0.984	0.491	0.306
P	0.115	0.995	0.492	0.294
T	0.130	0.992	0.614

