0.000000 2.934000 2.993488
0.100000 2.858500 2.988528
0.200000 3.168100 2.983568
0.300000 2.709700 2.978609
0.400000 3.065700 2.973649
0.500000 3.090300 2.968689
0.600000 3.081800 2.963730
0.700000 3.232000 2.958770
0.800000 2.919200 2.953810
0.900000 3.051500 2.948850
1.000000 2.896400 2.943891
1.100000 3.001900 2.938931
1.200000 2.973000 2.933971
1.300000 2.916700 2.929012
1.400000 2.906600 2.924052
1.500000 2.962800 2.919092
1.600000 2.708900 2.914133
1.700000 2.885400 2.909173
1.800000 2.827700 2.904213
1.900000 2.962100 2.899254
2.000000 2.991400 2.894294
2.100000 2.974400 2.889334
2.200000 3.141700 2.884375
2.300000 2.966400 2.879415
2.400000 2.977200 2.874455
2.500000 2.890000 2.869496
2.600000 2.935600 2.864536
2.700000 2.997500 2.859576
2.800000 2.737300 2.854616
2.900000 2.832600 2.849657
3.000000 2.835000 2.844697
3.100000 2.988500 2.839737
3.200000 2.691900 2.834778
3.300000 2.918800 2.829818
3.400000 2.865700 2.824858
3.500000 2.766200 2.819899
3.600000 2.821600 2.814939
3.700000 2.968900 2.809979
3.800000 2.861400 2.805020
3.900000 2.805700 2.800060
4.000000 2.837400 2.795100
4.100000 2.763000 2.790141
4.200000 2.966900 2.785181
4.300000 2.919600 2.780221
4.400000 2.845700 2.775261
4.500000 2.781800 2.770302
4.600000 2.679800 2.765342
4.700000 2.839100 2.760382
4.800000 2.782700 2.755423
4.900000 2.723100 2.750463
5.000000 2.724600 2.745503
5.100000 2.972400 2.740544
5.200000 2.737000 2.735584
5.300000 2.937900 2.730624
5.400000 2.838800 2.725665
5.500000 2.870400 2.720705
5.600000 2.671100 2.715745
5.700000 2.626800 2.710786
5.800000 2.605400 2.705826
5.900000 2.685100 2.700866
6.000000 2.678500 2.695906
6.100000 2.715700 2.690947
6.200000 2.564800 2.685987
6.300000 2.760900 2.681027
6.400000 2.502100 2.676068
6.500000 2.734700 2.671108
6.600000 2.667300 2.666148
6.700000 2.839200 2.661189
6.800000 2.659100 2.656229
6.900000 2.842000 2.651269
7.000000 2.656600 2.646310
7.100000 2.635100 2.641350
7.200000 2.645900 2.636390
7.300000 2.408700 2.631431
7.400000 2.560100 2.626471
7.500000 2.743800 2.621511
7.600000 2.696200 2.616552
7.700000 2.505600 2.611592
7.800000 2.634100 2.606632
7.900000 2.565500 2.601672
8.000000 2.767400 2.596713
8.100000 2.638100 2.591753
8.200000 2.672700 2.586793
8.300000 2.532900 2.581834
8.400000 2.607300 2.576874
8.500000 2.548500 2.571914
8.600000 2.645000 2.566955
8.700000 2.456600 2.561995
8.800000 2.333500 2.557035
8.900000 2.583600 2.552076
9.000000 2.571800 2.547116
9.100000 2.555500 2.542156
9.200000 2.697500 2.537197
9.300000 2.587200 2.532237
9.400000 2.540400 2.527277
9.500000 2.634500 2.522317
9.600000 2.466400 2.517358
9.700000 2.330500 2.512398
9.800000 2.428900 2.507438
9.900000 2.368700 2.502479
10.000000 2.605400 2.497519
10.100000 2.645400 2.492559
10.200000 2.481600 2.487600
10.300000 2.595300 2.482640
10.400000 2.396200 2.477680
10.500000 2.501900 2.472721
10.600000 2.469100 2.467761
10.700000 2.433300 2.462801
10.800000 2.490600 2.457842
10.900000 2.355800 2.452882
11.000000 2.543500 2.447922
11.100000 2.392700 2.442962
11.200000 2.457100 2.438003
11.300000 2.458200 2.433043
11.400000 2.626500 2.428083
11.500000 2.376400 2.423124
11.600000 2.416300 2.418164
11.700000 2.426500 2.413204
11.800000 2.472600 2.408245
11.900000 2.371900 2.403285
12.000000 2.286600 2.398325
12.100000 2.441100 2.393366
12.200000 2.421100 2.388406
12.300000 2.477500 2.383446
12.400000 2.487700 2.378487
12.500000 2.303500 2.373527
12.600000 2.456300 2.368567
12.700000 2.355900 2.363608
12.800000 2.364200 2.358648
12.900000 2.468100 2.353688
13.000000 2.420700 2.348728
13.100000 2.300900 2.343769
13.200000 2.249300 2.338809
13.300000 2.434300 2.333849
13.400000 2.401900 2.328890
13.500000 2.370600 2.323930
13.600000 2.273300 2.318970
13.700000 2.347200 2.314011
13.800000 2.296800 2.309051
13.900000 2.376600 2.304091
14.000000 2.286400 2.299132
14.100000 2.367500 2.294172
14.200000 2.172200 2.289212
14.300000 2.234200 2.284253
14.400000 2.234900 2.279293
14.500000 2.397800 2.274333
14.600000 2.334900 2.269373
14.700000 2.322500 2.264414
14.800000 2.326900 2.259454
14.900000 2.249900 2.254494
15.000000 2.281800 2.249535
15.100000 2.287700 2.244575
15.200000 2.115800 2.239615
15.300000 2.169300 2.234656
15.400000 2.152600 2.229696
15.500000 2.366300 2.224736
15.600000 2.290800 2.219777
15.700000 2.377400 2.214817
15.800000 2.339600 2.209857
15.900000 2.207500 2.204898
16.000000 2.330900 2.199938
16.100000 2.127700 2.194978
16.200001 1.976700 2.190018
16.299999 2.192500 2.185059
16.400000 2.112200 2.180099
16.500000 2.308300 2.175139
16.600000 1.978000 2.170180
16.700001 2.091300 2.165220
16.799999 2.166200 2.160260
16.900000 2.172800 2.155301
17.000000 2.141500 2.150341
17.100000 2.248700 2.145381
17.200001 1.977800 2.140422
17.299999 1.978200 2.135462
17.400000 2.078700 2.130502
17.500000 2.092500 2.125543
17.600000 2.194900 2.120583
17.700001 2.063200 2.115623
17.799999 2.039600 2.110664
17.900000 2.134300 2.105704
18.000000 2.089900 2.100744
18.100000 2.244800 2.095784
18.200001 2.083500 2.090825
18.299999 2.154100 2.085865
18.400000 2.070400 2.080905
18.500000 1.853300 2.075946
18.600000 2.066600 2.070986
18.700001 2.140400 2.066026
18.799999 2.101300 2.061067
18.900000 2.129700 2.056107
19.000000 2.165100 2.051147
19.100000 2.095200 2.046188
19.200001 2.237800 2.041228
19.299999 2.027100 2.036268
19.400000 2.016400 2.031309
19.500000 2.006500 2.026349
19.600000 2.090000 2.021389
19.700001 2.020300 2.016429
19.799999 1.929300 2.011470
19.900000 1.939500 2.006510
20.000000 2.013900 2.001550
20.100000 2.007700 1.996591
20.200001 1.866600 1.991631
20.299999 1.953100 1.986671
20.400000 2.094400 1.981712
20.500000 2.041500 1.976752
20.600000 1.772500 1.971792
20.700001 2.058600 1.966833
20.799999 2.048000 1.961873
20.900000 1.939900 1.956913
21.000000 2.050400 1.951954
21.100000 1.972000 1.946994
21.200001 1.946300 1.942034
21.299999 1.863100 1.937075
21.400000 1.785100 1.932115
21.500000 1.757800 1.927155
21.600000 1.959400 1.922195
21.700001 1.912500 1.917236
21.799999 1.930200 1.912276
21.900000 1.887200 1.907316
22.000000 1.923100 1.902357
22.100000 1.875900 1.897397
22.200001 1.750600 1.892437
22.299999 2.011600 1.887478
22.400000 1.806400 1.882518
22.500000 1.806200 1.877558
22.600000 1.834000 1.872599
22.700001 1.951100 1.867639
22.799999 1.636200 1.862679
22.900000 1.783700 1.857720
23.000000 1.843300 1.852760
23.100000 1.868600 1.847800
23.200001 1.847300 1.842840
23.299999 1.900000 1.837881
23.400000 1.817000 1.832921
23.500000 1.889500 1.827961
23.600000 1.647900 1.823002
23.700001 1.692100 1.818042
23.799999 1.983900 1.813082
23.900000 1.700200 1.808123
24.000000 1.859700 1.803163
24.100000 1.635200 1.798203
24.200001 1.985800 1.793244
24.299999 1.859800 1.788284
24.400000 1.906200 1.783324
24.500000 1.777100 1.778365
24.600000 1.705900 1.773405
24.700001 1.763300 1.768445
24.799999 1.725200 1.763486
24.900000 1.776800 1.758526
25.000000 1.795800 1.753566
25.100000 1.820000 1.748606
25.200001 1.835900 1.743647
25.299999 1.639500 1.738687
25.400000 1.779800 1.733727
25.500000 1.944000 1.728768
25.600000 1.702000 1.723808
25.700001 1.831500 1.718848
25.799999 1.874700 1.713889
25.900000 1.564300 1.708929
26.000000 1.598800 1.703969
26.100000 1.734900 1.699010
26.200001 1.730200 1.694050
26.299999 1.609900 1.689090
26.400000 1.690700 1.684131
26.500000 1.774000 1.679171
26.600000 1.688200 1.674211
26.700001 1.535700 1.669251
26.799999 1.667100 1.664292
26.900000 1.628200 1.659332
27.000000 1.692900 1.654372
27.100000 1.686200 1.649413
27.200001 1.683100 1.644453
27.299999 1.580500 1.639493
27.400000 1.806100 1.634534
27.500000 1.588300 1.629574
27.600000 1.704200 1.624614
27.700001 1.721100 1.619655
27.799999 1.654600 1.614695
27.900000 1.696800 1.609735
28.000000 1.605700 1.604776
28.100000 1.790300 1.599816
28.200001 1.578800 1.594856
28.299999 1.585600 1.589897
28.400000 1.650200 1.584937
28.500000 1.701600 1.579977
28.600000 1.707400 1.575017
28.700001 1.506300 1.570058
28.799999 1.469600 1.565098
28.900000 1.520400 1.560138
29.000000 1.627800 1.555179
29.100000 1.501500 1.550219
29.200001 1.757700 1.545259
29.299999 1.464900 1.540300
29.400000 1.461500 1.535340
29.500000 1.538200 1.530380
29.600000 1.404900 1.525421
29.700001 1.556300 1.520461
29.799999 1.549100 1.515501
29.900000 1.546800 1.510542
30.000000 1.425000 1.505582
30.100000 1.455900 1.500622
30.200001 1.450300 1.495662
30.299999 1.500100 1.490703
30.400000 1.508000 1.485743
30.500000 1.623200 1.480783
30.600000 1.501900 1.475824
30.700001 1.597300 1.470864
30.799999 1.296300 1.465904
30.900000 1.587900 1.460945
31.000000 1.439700 1.455985
31.100000 1.393700 1.451025
31.200001 1.316800 1.446066
31.299999 1.426400 1.441106
31.400000 1.328500 1.436146
31.500000 1.471400 1.431187
31.600000 1.472400 1.426227
31.700001 1.465900 1.421267
31.799999 1.466000 1.416308
31.900000 1.410100 1.411348
32.000000 1.373900 1.406388
32.099998 1.349700 1.401428
32.200001 1.280000 1.396469
32.299999 1.313600 1.391509
32.400002 1.551300 1.386549
32.500000 1.396000 1.381590
32.599998 1.408400 1.376630
32.700001 1.468500 1.371670
32.799999 1.450900 1.366711
32.900002 1.482300 1.361751
33.000000 1.231500 1.356791
33.099998 1.348900 1.351832
33.200001 1.410200 1.346872
33.299999 1.208300 1.341912
33.400002 1.160800 1.336952
33.500000 1.416600 1.331993
33.599998 1.357900 1.327033
33.700001 1.322900 1.322073
33.799999 1.200500 1.317114
33.900002 1.252600 1.312154
34.000000 1.214600 1.307194
34.099998 1.362000 1.302235
34.200001 1.214300 1.297275
34.299999 1.464600 1.292315
34.400002 1.208200 1.287356
34.500000 1.434100 1.282396
34.599998 1.312300 1.277436
34.700001 1.077000 1.272477
34.799999 1.126200 1.267517
34.900002 1.240700 1.262557
35.000000 1.082700 1.257598
35.099998 1.286700 1.252638
35.200001 1.299000 1.247678
35.299999 1.417700 1.242719
35.400002 1.304800 1.237759
35.500000 1.329900 1.232799
35.599998 1.219300 1.227839
35.700001 1.214900 1.222880
35.799999 1.305600 1.217920
35.900002 1.254200 1.212960
36.000000 1.330200 1.208001
36.099998 1.201600 1.203041
36.200001 1.285900 1.198081
36.299999 1.107700 1.193122
36.400002 1.142700 1.188162
36.500000 1.199100 1.183202
36.599998 1.163400 1.178243
36.700001 1.175000 1.173283
36.799999 1.084400 1.168323
36.900002 1.249200 1.163363
37.000000 1.244000 1.158404
37.099998 1.145000 1.153444
37.200001 1.204300 1.148484
37.299999 1.249400 1.143525
37.400002 1.082500 1.138565
37.500000 1.358600 1.133605
37.599998 1.244600 1.128646
37.700001 1.024100 1.123686
37.799999 1.285300 1.118726
37.900002 1.316400 1.113767
38.000000 1.181600 1.108807
38.099998 1.156400 1.103847
38.200001 0.957900 1.098888
38.299999 1.007900 1.093928
38.400002 0.977800 1.088968
38.500000 0.976400 1.084009
38.599998 0.935600 1.079049
38.700001 1.064000 1.074089
38.799999 1.105700 1.069129
38.900002 1.122200 1.064170
39.000000 1.026600 1.059210
39.099998 0.918100 1.054250
39.200001 0.965600 1.049291
39.299999 1.170200 1.044331
39.400002 0.943300 1.039371
39.500000 1.081300 1.034412
39.599998 0.892800 1.029452
39.700001 0.975800 1.024492
39.799999 0.991700 1.019533
39.900002 1.329600 1.014573
40.000000 0.958100 1.009613
40.099998 0.969000 1.004654
40.200001 1.121700 0.999694
40.299999 0.782400 0.994734
40.400002 0.978600 0.989774
40.500000 1.023400 0.984815
40.599998 0.922500 0.979855
40.700001 0.989900 0.974895
40.799999 0.931200 0.969936
40.900002 0.758900 0.964976
41.000000 1.170100 0.960016
41.099998 0.880800 0.955057
41.200001 0.844000 0.950097
41.299999 0.869600 0.945137
41.400002 0.971000 0.940178
41.500000 1.010700 0.935218
41.599998 1.021000 0.930258
41.700001 0.743600 0.925299
41.799999 0.913400 0.920339
41.900002 0.862600 0.915379
42.000000 0.888600 0.910420
42.099998 0.772600 0.905460
42.200001 1.099100 0.900500
42.299999 0.932800 0.895540
42.400002 0.911500 0.890581
42.500000 0.847100 0.885621
42.599998 0.875600 0.880661
42.700001 0.685100 0.875702
42.799999 0.893600 0.870742
42.900002 0.844800 0.865782
43.000000 0.747700 0.860823
43.099998 0.941000 0.855863
43.200001 0.862400 0.850903
43.299999 0.737200 0.845944
43.400002 0.862300 0.840984
43.500000 0.992100 0.836024
43.599998 0.778000 0.831065
43.700001 0.704600 0.826105
43.799999 0.891100 0.821145
43.900002 0.838100 0.816185
44.000000 0.760100 0.811226
44.099998 0.778700 0.806266
44.200001 0.867200 0.801306
44.299999 0.639900 0.796347
44.400002 0.857600 0.791387
44.500000 0.675100 0.786427
44.599998 0.710700 0.781468
44.700001 0.815000 0.776508
44.799999 0.692600 0.771548
44.900002 0.694400 0.766589
45.000000 0.793100 0.761629
45.099998 0.623200 0.756669
45.200001 0.798500 0.751710
45.299999 0.622800 0.746750
45.400002 0.806900 0.741790
45.500000 0.826800 0.736830
45.599998 0.596100 0.731871
45.700001 0.797900 0.726911
45.799999 0.655500 0.721951
45.900002 0.863500 0.716992
46.000000 0.661400 0.712032
46.099998 0.675100 0.707072
46.200001 0.678400 0.702113
46.299999 0.572600 0.697153
46.400002 0.635200 0.692193
46.500000 0.696700 0.687234
46.599998 0.587600 0.682274
46.700001 0.735300 0.677314
46.799999 0.582500 0.672355
46.900002 0.659000 0.667395
47.000000 0.767200 0.662435
47.099998 0.575800 0.657476
47.200001 0.666300 0.652516
47.299999 0.562700 0.647556
47.400002 0.714100 0.642596
47.500000 0.658100 0.637637
47.599998 0.799500 0.632677
47.700001 0.663100 0.627717
47.799999 0.699000 0.622758
47.900002 0.685900 0.617798
48.000000 0.429900 0.612838
48.099998 0.408700 0.607879
48.200001 0.576700 0.602919
48.299999 0.648900 0.597959
48.400002 0.656100 0.593000
48.500000 0.656400 0.588040
48.599998 0.357700 0.583080
48.700001 0.464900 0.578121
48.799999 0.662600 0.573161
48.900002 0.576300 0.568201
49.000000 0.461800 0.563241
49.099998 0.553300 0.558282
49.200001 0.468100 0.553322
49.299999 0.463400 0.548362
49.400002 0.673600 0.543403
49.500000 0.380300 0.538443
49.599998 0.471000 0.533483
49.700001 0.366100 0.528524
49.799999 0.717200 0.523564
49.900002 0.404300 0.518604
50.000000 0.654100 0.513645
50.099998 0.587100 0.508685
50.200001 0.531100 0.503725
50.299999 0.433200 0.498766
50.400002 0.454900 0.493806
50.500000 0.595700 0.488846
50.599998 0.358600 0.483887
50.700001 0.652100 0.478927
50.799999 0.396000 0.473967
50.900002 0.529600 0.469007
51.000000 0.375100 0.464048
51.099998 0.511600 0.459088
51.200001 0.468000 0.454128
51.299999 0.555100 0.449169
51.400002 0.493000 0.444209
51.500000 0.518500 0.439249
51.599998 0.389400 0.434290
51.700001 0.461700 0.429330
51.799999 0.312700 0.424370
51.900002 0.367400 0.419411
52.000000 0.327500 0.414451
52.099998 0.263300 0.409491
52.200001 0.307500 0.404532
52.299999 0.288400 0.399572
52.400002 0.667900 0.394612
52.500000 0.293400 0.389652
52.599998 0.288900 0.384693
52.700001 0.287600 0.379733
52.799999 0.458800 0.374773
52.900002 0.412200 0.369814
53.000000 0.552900 0.364854
53.099998 0.605700 0.359894
53.200001 0.429400 0.354935
53.299999 0.486000 0.349975
53.400002 0.408900 0.345015
53.500000 0.423700 0.340056
53.599998 0.375400 0.335096
53.700001 0.408900 0.330136
53.799999 0.433400 0.325177
53.900002 0.268800 0.320217
54.000000 0.246700 0.315257
54.099998 0.297600 0.310298
54.200001 0.207900 0.305338
54.299999 0.423800 0.300378
54.400002 0.361700 0.295418
54.500000 0.310900 0.290459
54.599998 0.274800 0.285499
54.700001 0.191700 0.280539
54.799999 0.407900 0.275580
54.900002 0.346500 0.270620
55.000000 0.449700 0.265660
55.099998 0.194900 0.260701
55.200001 0.221200 0.255741
55.299999 0.249000 0.250781
55.400002 0.300400 0.245822
55.500000 0.121300 0.240862
55.599998 0.109900 0.235902
55.700001 0.300500 0.230942
55.799999 0.193300 0.225983
55.900002 0.064200 0.221023
56.000000 0.116000 0.216063
56.099998 0.057500 0.211104
56.200001 0.250300 0.206144
56.299999 0.415900 0.201184
56.400002 0.070700 0.196225
56.500000 0.214200 0.191265
56.599998 0.163300 0.186305
56.700001 0.145100 0.181346
56.799999 0.365800 0.176386
56.900002 0.123500 0.171426
57.000000 -0.020800 0.166467
57.099998 0.046800 0.161507
57.200001 0.107400 0.156547
57.299999 0.171900 0.151588
57.400002 0.367500 0.146628
57.500000 0.049200 0.141668
57.599998 0.195400 0.136709
57.700001 0.289900 0.131749
57.799999 0.116100 0.126789
57.900002 0.410800 0.121829
58.000000 0.142400 0.116870
58.099998 -0.028400 0.111910
58.200001 0.073100 0.106950
58.299999 0.028900 0.101991
58.400002 0.056900 0.097031
58.500000 0.252200 0.092071
58.599998 0.063100 0.087112
58.700001 0.043000 0.082152
58.799999 -0.029200 0.077192
58.900002 0.023500 0.072232
59.000000 0.153300 0.067273
59.099998 0.189300 0.062313
59.200001 -0.011800 0.057353
59.299999 0.177800 0.052394
59.400002 0.103200 0.047434
59.500000 -0.010300 0.042474
59.599998 0.034500 0.037515
59.700001 -0.146100 0.032555
59.799999 -0.047700 0.027595
59.900002 -0.093700 0.022636
